0	10
1	8
2	8
3	9
4	8
5	15
6	6
7	3
8	9
9	15
10	9
11	12
12	5
13	11
14	13
15	7
16	12
17	6
18	10
19	6
20	12
21	13
22	10
23	15
24	1
25	9
26	8
27	8
28	9
29	7
30	4
31	10
32	6
33	6
34	8
35	18
36	10
37	10
38	13
39	6
40	7
41	13
42	15
43	13
44	9
45	9
46	8
47	15
48	15
49	7
50	7
51	20
52	14
53	12
54	8
55	5
56	14
57	14
58	9
59	14
60	13
61	7
62	13
63	12
64	11
65	12
66	7
67	9
68	10
69	12
70	8
71	7
72	9
73	11
74	12
75	7
76	8
77	19
78	10
79	17
80	13
81	12
82	14
83	12
84	11
85	9
86	13
87	10
88	6
89	8
90	14
91	12
92	16
93	9
94	12
95	5
96	12
97	11
98	11
99	5
